2.10000000000000
2.50000000000000
3
3.50000000000000
4
4.50000000000000
5
5.50000000000000
6
7
7.50000000000000
8
8.50000000000000
9
9.50000000000000
10
10.5000000000000
11
11.5000000000000
12
13
13.5000000000000
14
14.5000000000000
15
15.5000000000000
16
16.5000000000000
17
17.5000000000000
18
18.5000000000000
19
19.5000000000000
20
20.5000000000000
21
21.5000000000000
22
22.5000000000000
23
23.5000000000000
24
24.5000000000000
25
25.5000000000000
26
26.5000000000000
27
27.5000000000000
28
28.5000000000000
29
29.5000000000000
30