0.00187658600000000
0.000625995000000000
0.000729742000000000
0.00126884000000000
0.000988268000000000
0.000233051000000000
0.000468261000000000
0.000734403000000000
0.000499868000000000
0.000428605000000000
0.000548072000000000
0.000304691000000000
9.57000000000000e-05
0.000416938000000000
0.000460640000000000
0.000245648000000000
8.47000000000000e-05
0.000370295000000000
0.000410139000000000
0.000249268000000000
0.000226483000000000
0.000253992000000000
0.000137059000000000
4.48000000000000e-05
0.000193213000000000
0.000208221000000000
0.000114955000000000
3.67000000000000e-05
0.000140893000000000
0.000153120000000000
7.29000000000000e-05
4.70000000000000e-05
0.000131194000000000
0.000137482000000000
6.54000000000000e-05
3.01000000000000e-05
9.21000000000000e-05
9.49000000000000e-05
3.92000000000000e-05
3.40000000000000e-05
8.18000000000000e-05
8.39000000000000e-05
2.71000000000000e-05
3.30000000000000e-05
7.58000000000000e-05
6.37000000000000e-05
2.20000000000000e-05
2.99000000000000e-05
5.84000000000000e-05
5.25000000000000e-05
1.28000000000000e-05
3.37000000000000e-05
5.54000000000000e-05
5.22000000000000e-05
2.01000000000000e-05